{
 "cells": [
  {
   "cell_type": "code",
   "execution_count": 33,
   "id": "0acd4cdb",
   "metadata": {},
   "outputs": [],
   "source": [
    "import pandas as pd\n",
    "import numpy as np\n",
    "import matplotlib.pyplot as plt\n",
    "import networkx as nx\n"
   ]
  },
  {
   "cell_type": "code",
   "execution_count": 3,
   "id": "57b2d010",
   "metadata": {},
   "outputs": [
    {
     "name": "stdout",
     "output_type": "stream",
     "text": [
      "      Id  SepalLengthCm  SepalWidthCm  PetalLengthCm  PetalWidthCm  \\\n",
      "0      1            5.1           3.5            1.4           0.2   \n",
      "1      2            4.9           3.0            1.4           0.2   \n",
      "2      3            4.7           3.2            1.3           0.2   \n",
      "3      4            4.6           3.1            1.5           0.2   \n",
      "4      5            5.0           3.6            1.4           0.2   \n",
      "..   ...            ...           ...            ...           ...   \n",
      "145  146            6.7           3.0            5.2           2.3   \n",
      "146  147            6.3           2.5            5.0           1.9   \n",
      "147  148            6.5           3.0            5.2           2.0   \n",
      "148  149            6.2           3.4            5.4           2.3   \n",
      "149  150            5.9           3.0            5.1           1.8   \n",
      "\n",
      "            Species  \n",
      "0       Iris-setosa  \n",
      "1       Iris-setosa  \n",
      "2       Iris-setosa  \n",
      "3       Iris-setosa  \n",
      "4       Iris-setosa  \n",
      "..              ...  \n",
      "145  Iris-virginica  \n",
      "146  Iris-virginica  \n",
      "147  Iris-virginica  \n",
      "148  Iris-virginica  \n",
      "149  Iris-virginica  \n",
      "\n",
      "[150 rows x 6 columns]\n"
     ]
    }
   ],
   "source": [
    "data=pd.read_csv(\"iris.csv\")\n",
    "print(data)\n"
   ]
  },
  {
   "cell_type": "code",
   "execution_count": 27,
   "id": "25c7084c",
   "metadata": {},
   "outputs": [
    {
     "name": "stdout",
     "output_type": "stream",
     "text": [
      "     SepalLengthCm  SepalWidthCm\n",
      "0              5.1           3.5\n",
      "1              4.9           3.0\n",
      "2              4.7           3.2\n",
      "3              4.6           3.1\n",
      "4              5.0           3.6\n",
      "..             ...           ...\n",
      "145            6.7           3.0\n",
      "146            6.3           2.5\n",
      "147            6.5           3.0\n",
      "148            6.2           3.4\n",
      "149            5.9           3.0\n",
      "\n",
      "[150 rows x 2 columns]\n"
     ]
    }
   ],
   "source": [
    "data=data[[\"SepalLengthCm\",\"SepalWidthCm\"]]\n",
    "data1=data\n",
    "x=data.iloc[:,0:2]\n",
    "print(x)"
   ]
  },
  {
   "cell_type": "code",
   "execution_count": 23,
   "id": "3507c286",
   "metadata": {},
   "outputs": [
    {
     "name": "stdout",
     "output_type": "stream",
     "text": [
      "[[0.0, 0.5385164807134502, 0.4999999999999995, 0.6403124237432848, 0.1414213562373093, 0.5000000000000003, 0.5099019513592785, 0.1414213562373093, 0.9219544457292882, 0.44721359549995754, 0.3605551275463996, 0.31622776601683783, 0.58309518948453, 0.9433981132056602, 0.8602325267042628, 1.0816653826391973, 0.5000000000000003, 0.0, 0.6708203932499374, 0.2999999999999998, 0.31622776601683866, 0.20000000000000018, 0.5099019513592785, 0.20000000000000018, 0.31622776601683783, 0.5099019513592784, 0.1414213562373093, 0.10000000000000053, 0.14142135623730995, 0.4999999999999995, 0.49999999999999983, 0.31622776601683866, 0.6082762530298217, 0.8062257748298554, 0.44721359549995754, 0.31622776601683766, 0.40000000000000036, 0.44721359549995754, 0.8602325267042621, 0.10000000000000009, 0.09999999999999964, 1.3416407864998738, 0.7615773105863901, 0.09999999999999964, 0.2999999999999998, 0.58309518948453, 0.2999999999999998, 0.58309518948453, 0.2828427124746193, 0.22360679774997896, 1.9235384061671348, 1.334166406412634, 1.843908891458578, 1.264911064067352, 1.5652475842498532, 0.9219544457292893, 1.216552506059644, 1.118033988749895, 1.6155494421403513, 0.8062257748298548, 1.5033296378372907, 0.943398113205661, 1.5811388300841898, 1.1661903789690602, 0.7810249675906655, 1.6492422502470647, 0.7071067811865476, 1.0630145812734648, 1.7029386365926402, 1.118033988749895, 0.8544003745317537, 1.2206555615733703, 1.562049935181331, 1.2206555615733703, 1.4317821063276361, 1.5811388300841898, 1.8384776310850237, 1.6763054614240216, 1.081665382639197, 1.0816653826391969, 1.1704699910719627, 1.1704699910719627, 1.0630145812734648, 1.2041594578792296, 0.5830951894845304, 0.905538513813742, 1.6492422502470647, 1.6970562748477143, 0.7071067811865476, 1.077032961426901, 0.9848857801796105, 1.118033988749895, 1.140175425099138, 1.2041594578792296, 0.9433981132056602, 0.7810249675906659, 0.8485281374238575, 1.2529964086141672, 1.0, 0.9219544457292893, 1.216552506059644, 1.0630145812734648, 2.0615528128088303, 1.341640786499874, 1.4866068747318508, 2.5495097567963922, 1.0198039027185568, 2.280350850198276, 1.8867962264113212, 2.102379604162864, 1.4317821063276357, 1.5264337522473754, 1.7720045146669352, 1.1661903789690604, 0.9899494936611668, 1.334166406412634, 1.4866068747318508, 2.6172504656604807, 2.751363298439521, 1.5811388300841898, 1.8248287590894665, 0.8602325267042628, 2.6925824035672523, 1.4422205101855958, 1.6124515496597105, 2.121320343559643, 1.3038404810405302, 1.118033988749895, 1.476482306023341, 2.158703314492291, 2.404163056034262, 2.8160255680657453, 1.476482306023341, 1.3892443989449808, 1.345362404707371, 2.6476404589747458, 1.2041594578792296, 1.360147050873545, 1.0295630140987002, 1.843908891458578, 1.6492422502470647, 1.843908891458578, 1.0630145812734648, 1.726267650163207, 1.6124515496597105, 1.6763054614240216, 1.562049935181331, 1.4866068747318508, 1.1045361017187265, 0.943398113205661], [0.5385164807134502, 0.0, 0.2828427124746193, 0.31622776601683866, 0.608276253029822, 1.0295630140987, 0.5000000000000003, 0.41231056256176585, 0.5099019513592785, 0.10000000000000009, 0.8602325267042628, 0.4123105625617661, 0.10000000000000053, 0.6000000000000005, 1.3453624047073707, 1.61245154965971, 1.0295630140987, 0.5385164807134502, 1.1313708498984758, 0.8246211251235317, 0.6403124237432848, 0.7280109889280518, 0.6708203932499373, 0.3605551275463984, 0.4123105625617661, 0.09999999999999964, 0.41231056256176585, 0.58309518948453, 0.49999999999999983, 0.2828427124746193, 0.14142135623730995, 0.6403124237432848, 1.1401754250991376, 1.3416407864998738, 0.10000000000000009, 0.22360679774997896, 0.7810249675906652, 0.10000000000000009, 0.5, 0.44721359549995754, 0.5099019513592784, 0.8062257748298554, 0.5385164807134505, 0.5099019513592784, 0.8246211251235317, 0.10000000000000053, 0.8246211251235317, 0.3605551275463996, 0.8062257748298549, 0.31622776601683766, 2.109502310972898, 1.5132745950421556, 2.0024984394500787, 0.9219544457292886, 1.6124515496597096, 0.8246211251235319, 1.4317821063276348, 0.6000000000000001, 1.7029386365926393, 0.4242640687119283, 1.004987562112089, 1.0, 1.360147050873544, 1.204159457879229, 0.7071067811865468, 1.8027756377319946, 0.6999999999999993, 0.9486832980505132, 1.5264337522473745, 0.8602325267042621, 1.019803902718557, 1.2165525060596434, 1.48660687473185, 1.2165525060596434, 1.503329637837291, 1.6999999999999993, 1.9104973174542794, 1.7999999999999998, 1.1045361017187258, 0.8944271909999156, 0.8485281374238569, 0.8485281374238569, 0.9486832980505132, 1.1401754250991376, 0.5, 1.1704699910719623, 1.8027756377319946, 1.5652475842498523, 0.6999999999999993, 0.7810249675906652, 0.7211102550927976, 1.1999999999999993, 0.9848857801796099, 0.7071067811865477, 0.7615773105863901, 0.7999999999999998, 0.8062257748298548, 1.3038404810405295, 0.5385164807134502, 0.8246211251235319, 1.4317821063276348, 0.9486832980505132, 2.1999999999999993, 1.4035668847618195, 1.5999999999999996, 2.6999999999999993, 0.5, 2.4020824298928622, 1.8681541692269403, 2.3769728648009423, 1.6124515496597096, 1.5297058540778354, 1.8999999999999995, 0.9433981132056602, 0.9219544457292882, 1.5132745950421556, 1.5999999999999996, 2.912043955712207, 2.82842712474619, 1.360147050873544, 2.009975124224178, 0.7280109889280512, 2.80713376952364, 1.4317821063276348, 1.8248287590894656, 2.308679276123039, 1.3152946437965904, 1.1999999999999993, 1.5132745950421556, 2.3, 2.5079872407968904, 3.104834939252005, 1.5132745950421556, 1.4142135623730945, 1.264911064067351, 2.8, 1.456021977856103, 1.503329637837291, 1.0999999999999996, 2.0024984394500787, 1.8027756377319946, 2.0024984394500787, 0.9486832980505132, 1.9104973174542794, 1.8248287590894656, 1.7999999999999998, 1.48660687473185, 1.5999999999999996, 1.360147050873544, 1.0], [0.4999999999999995, 0.2828427124746193, 0.0, 0.14142135623730995, 0.49999999999999983, 0.9899494936611665, 0.22360679774997896, 0.3605551275463986, 0.42426406871192857, 0.22360679774997916, 0.8602325267042628, 0.22360679774997858, 0.22360679774997896, 0.4472135954999583, 1.360147050873544, 1.562049935181331, 0.9899494936611665, 0.4999999999999995, 1.16619037896906, 0.7211102550927972, 0.7280109889280519, 0.6403124237432846, 0.4123105625617661, 0.41231056256176546, 0.22360679774997858, 0.3605551275463989, 0.3605551275463986, 0.58309518948453, 0.5385164807134504, 0.0, 0.1414213562373093, 0.7280109889280519, 1.0295630140986995, 1.2806248474865696, 0.22360679774997916, 0.2999999999999998, 0.8544003745317529, 0.22360679774997916, 0.3605551275463989, 0.4472135954999574, 0.4242640687119283, 0.9219544457292891, 0.2999999999999998, 0.4242640687119283, 0.7211102550927972, 0.22360679774997896, 0.7211102550927972, 0.10000000000000053, 0.7810249675906652, 0.31622776601683766, 2.3, 1.7000000000000002, 2.202271554554524, 1.2041594578792296, 1.8439088914585773, 1.077032961426901, 1.6031219541881392, 0.8246211251235324, 1.9235384061671341, 0.7071067811865476, 1.2369316876852983, 1.216552506059644, 1.6401219466856725, 1.4317821063276348, 0.9486832980505134, 2.0024984394500787, 0.9219544457292882, 1.2083045973594568, 1.8027756377319946, 1.1401754250991376, 1.2000000000000002, 1.4560219778561032, 1.7464249196572978, 1.4560219778561032, 1.726267650163207, 1.9104973174542794, 2.1377558326431947, 2.009975124224178, 1.3341664064126333, 1.1661903789690602, 1.1313708498984762, 1.1313708498984762, 1.2083045973594568, 1.3928388277184118, 0.728010988928052, 1.3152946437965902, 2.0024984394500787, 1.8357559750685817, 0.9219544457292882, 1.0630145812734648, 0.9999999999999999, 1.4142135623730945, 1.2529964086141665, 0.948683298050514, 1.0295630140986995, 1.019803902718557, 1.044030650891055, 1.5297058540778357, 0.8062257748298549, 1.077032961426901, 1.6031219541881392, 1.2083045973594568, 2.4083189157584584, 1.6278820596099703, 1.8110770276274832, 2.9068883707497264, 0.728010988928052, 2.61725046566048, 2.118962010041709, 2.5317977802344327, 1.7999999999999998, 1.7720045146669352, 2.109502310972898, 1.2206555615733703, 1.1704699910719623, 1.7000000000000002, 1.8110770276274832, 3.059411708155671, 3.059411708155671, 1.6401219466856725, 2.2, 0.9848857801796101, 3.026549190084311, 1.6763054614240207, 2.0024984394500787, 2.5, 1.5524174696260025, 1.4142135623730945, 1.7464249196572983, 2.5079872407968904, 2.7294688127912363, 3.2557641192199416, 1.7464249196572983, 1.6492422502470638, 1.523154621172781, 3.006659275674582, 1.6124515496597096, 1.7029386365926404, 1.3152946437965904, 2.202271554554524, 2.0024984394500787, 2.202271554554524, 1.2083045973594568, 2.0999999999999996, 2.0024984394500787, 2.009975124224178, 1.7464249196572978, 1.8110770276274832, 1.5132745950421556, 1.216552506059644], [0.6403124237432848, 0.31622776601683866, 0.14142135623730995, 0.0, 0.6403124237432851, 1.1313708498984762, 0.2999999999999998, 0.5000000000000001, 0.2828427124746186, 0.3000000000000007, 1.0000000000000007, 0.3605551275463989, 0.22360679774997916, 0.31622776601683783, 1.5, 1.7029386365926407, 1.1313708498984762, 0.6403124237432848, 1.30384048104053, 0.8602325267042624, 0.8544003745317537, 0.7810249675906655, 0.5, 0.5385164807134504, 0.3605551275463989, 0.4123105625617664, 0.5000000000000001, 0.7211102550927982, 0.6708203932499374, 0.14142135623730995, 0.20000000000000018, 0.8544003745317537, 1.16619037896906, 1.42126704035519, 0.3000000000000007, 0.4123105625617664, 0.9848857801796107, 0.3000000000000007, 0.22360679774997838, 0.58309518948453, 0.5656854249492381, 0.8062257748298551, 0.22360679774997838, 0.5656854249492381, 0.8602325267042624, 0.22360679774997916, 0.8602325267042624, 0.10000000000000009, 0.9219544457292889, 0.44721359549995815, 2.402082429892863, 1.8027756377319955, 2.3000000000000007, 1.20415945787923, 1.9235384061671348, 1.1401754250991385, 1.711724276862369, 0.7615773105863913, 2.009975124224178, 0.7211102550927982, 1.1704699910719627, 1.3038404810405304, 1.664331697709324, 1.5132745950421556, 1.019803902718557, 2.1000000000000005, 1.004987562112089, 1.2649110640673518, 1.8357559750685823, 1.1661903789690602, 1.3038404810405304, 1.5297058540778357, 1.8027756377319948, 1.5297058540778357, 1.811077027627484, 2.0024984394500787, 2.220360331117452, 2.102379604162864, 1.4142135623730956, 1.2083045973594577, 1.1401754250991385, 1.1401754250991385, 1.2649110640673518, 1.456021977856104, 0.8062257748298557, 1.4317821063276357, 2.1000000000000005, 1.878829422805594, 1.004987562112089, 1.081665382639197, 1.0295630140987002, 1.503329637837291, 1.3, 0.8944271909999163, 1.0770329614269007, 1.1045361017187265, 1.1180339887498953, 1.6124515496597105, 0.7810249675906655, 1.1401754250991385, 1.711724276862369, 1.2649110640673518, 2.5019992006393608, 1.711724276862369, 1.902629759044045, 3.0016662039607267, 0.6708203932499373, 2.7073972741361767, 2.184032966784156, 2.6476404589747458, 1.902629759044045, 1.843908891458578, 2.202271554554524, 1.2529964086141672, 1.2369316876852983, 1.8027756377319955, 1.902629759044045, 3.178049716414141, 3.1400636936215167, 1.664331697709324, 2.3021728866442683, 1.044030650891055, 3.1144823004794877, 1.7464249196572983, 2.109502310972899, 2.601922366251538, 1.6278820596099712, 1.503329637837291, 1.8248287590894667, 2.601922366251538, 2.8160255680657453, 3.3734255586866007, 1.8248287590894667, 1.726267650163207, 1.5811388300841898, 3.101612483854165, 1.726267650163207, 1.8000000000000007, 1.4035668847618203, 2.3000000000000007, 2.1000000000000005, 2.3000000000000007, 1.2649110640673518, 2.202271554554524, 2.109502310972899, 2.102379604162864, 1.8027756377319948, 1.902629759044045, 1.6278820596099712, 1.3038404810405304], [0.1414213562373093, 0.608276253029822, 0.49999999999999983, 0.6403124237432851, 0.0, 0.5000000000000001, 0.4472135954999583, 0.20000000000000018, 0.9219544457292886, 0.5099019513592784, 0.4123105625617664, 0.2828427124746193, 0.632455532033676, 0.9219544457292889, 0.8944271909999156, 1.0630145812734653, 0.5000000000000001, 0.1414213562373093, 0.7280109889280519, 0.22360679774997858, 0.4472135954999583, 0.1414213562373093, 0.40000000000000036, 0.31622776601683805, 0.2828427124746193, 0.6000000000000001, 0.20000000000000018, 0.22360679774997916, 0.2828427124746193, 0.49999999999999983, 0.5385164807134505, 0.4472135954999583, 0.53851648071345, 0.7810249675906655, 0.5099019513592784, 0.3999999999999999, 0.5099019513592785, 0.5099019513592784, 0.8485281374238569, 0.22360679774997896, 0.10000000000000009, 1.392838827718412, 0.7211102550927976, 0.10000000000000009, 0.22360679774997858, 0.632455532033676, 0.22360679774997858, 0.5656854249492381, 0.31622776601683783, 0.30000000000000027, 2.039607805437114, 1.456021977856104, 1.9646882704388504, 1.392838827718412, 1.7000000000000002, 1.0630145812734653, 1.3341664064126333, 1.2041594578792296, 1.7464249196572978, 0.9219544457292886, 1.6, 1.081665382639197, 1.7204650534085253, 1.3038404810405295, 0.9219544457292886, 1.7720045146669352, 0.8485281374238569, 1.2041594578792294, 1.8439088914585775, 1.2529964086141667, 0.9848857801796107, 1.3601470508735443, 1.70293863659264, 1.3601470508735443, 1.5652475842498532, 1.708800749063506, 1.969771560359221, 1.8027756377319948, 1.2206555615733703, 1.2206555615733703, 1.3, 1.3, 1.2041594578792294, 1.345362404707371, 0.7211102550927981, 1.019803902718557, 1.7720045146669352, 1.8384776310850235, 0.8485281374238569, 1.2083045973594573, 1.118033988749895, 1.2529964086141665, 1.2806248474865696, 1.3000000000000003, 1.0816653826391966, 0.9219544457292889, 0.9899494936611668, 1.3892443989449808, 1.104536101718726, 1.0630145812734653, 1.3341664064126333, 1.2041594578792294, 2.184032966784155, 1.4764823060233399, 1.6155494421403513, 2.6683328128252666, 1.104536101718726, 2.4041630560342613, 2.024845673131659, 2.2, 1.5524174696260025, 1.664331697709324, 1.8973665961010275, 1.30384048104053, 1.1313708498984762, 1.456021977856104, 1.6155494421403513, 2.7073972741361767, 2.879236009777594, 1.7204650534085253, 1.9416487838947603, 1.0, 2.816025568065745, 1.5811388300841893, 1.726267650163207, 2.23606797749979, 1.442220510185596, 1.2529964086141665, 1.6124515496597103, 2.280350850198276, 2.529822128134704, 2.906888370749727, 1.6124515496597103, 1.5264337522473748, 1.4866068747318502, 2.7658633371878665, 1.3152946437965904, 1.4866068747318508, 1.1661903789690602, 1.9646882704388504, 1.7720045146669352, 1.9646882704388504, 1.2041594578792294, 1.8439088914585773, 1.726267650163207, 1.8027756377319948, 1.70293863659264, 1.6155494421403513, 1.216552506059644, 1.081665382639197], [0.5000000000000003, 1.0295630140987, 0.9899494936611665, 1.1313708498984762, 0.5000000000000001, 0.0, 0.943398113205661, 0.6403124237432851, 1.4142135623730951, 0.9433981132056602, 0.19999999999999973, 0.7810249675906659, 1.0816653826391969, 1.42126704035519, 0.41231056256176557, 0.5830951894845303, 0.0, 0.5000000000000003, 0.31622776601683783, 0.31622776601683866, 0.5, 0.3605551275463994, 0.8544003745317537, 0.6708203932499373, 0.7810249675906659, 0.9848857801796105, 0.6403124237432851, 0.4472135954999579, 0.5385164807134505, 0.9899494936611665, 1.0000000000000002, 0.5, 0.28284271247461895, 0.31622776601683805, 0.9433981132056602, 0.8062257748298549, 0.41231056256176585, 0.9433981132056602, 1.345362404707371, 0.5830951894845304, 0.5656854249492381, 1.8357559750685821, 1.22065556157337, 0.5656854249492381, 0.31622776601683866, 1.0816653826391969, 0.31622776601683866, 1.0630145812734653, 0.22360679774997896, 0.7211102550927981, 1.7464249196572976, 1.22065556157337, 1.7, 1.6031219541881399, 1.5556349186104044, 1.140175425099138, 1.0816653826391964, 1.5811388300841898, 1.5620499351813304, 1.2165525060596436, 1.9416487838947598, 1.0295630140987, 1.8027756377319943, 1.2206555615733699, 1.0198039027185568, 1.5264337522473745, 0.9219544457292885, 1.2649110640673513, 1.8788294228055933, 1.414213562373095, 0.8602325267042624, 1.3038404810405295, 1.6643316977093234, 1.3038404810405295, 1.4142135623730951, 1.4999999999999993, 1.7804493814764852, 1.5811388300841893, 1.16619037896906, 1.334166406412633, 1.5033296378372907, 1.5033296378372907, 1.2649110640673513, 1.3416407864998734, 0.8999999999999999, 0.7810249675906652, 1.5264337522473745, 1.835755975068582, 0.9219544457292885, 1.40356688476182, 1.3038404810405295, 1.1401754250991376, 1.360147050873544, 1.6492422502470645, 1.2165525060596436, 0.9486832980505137, 1.0440306508910548, 1.2806248474865696, 1.4317821063276355, 1.140175425099138, 1.0816653826391964, 1.2649110640673513, 1.923538406167134, 1.3453624047073707, 1.4212670403551892, 2.376972864800942, 1.4866068747318506, 2.147091055358388, 1.9104973174542799, 1.8248287590894656, 1.3038404810405293, 1.5620499351813306, 1.6643316977093232, 1.4317821063276353, 1.1704699910719623, 1.22065556157337, 1.4212670403551892, 2.3021728866442674, 2.641968962724581, 1.8027756377319943, 1.6552945357246849, 1.118033988749895, 2.5495097567963922, 1.4999999999999993, 1.4317821063276353, 1.9313207915827963, 1.3601470508735443, 1.1401754250991376, 1.4866068747318506, 2.0124611797498106, 2.2825424421026654, 2.5019992006393608, 1.4866068747318506, 1.4212670403551892, 1.4764823060233394, 2.4698178070456938, 1.0295630140986995, 1.2806248474865696, 1.0816653826391966, 1.7, 1.5264337522473745, 1.7, 1.2649110640673513, 1.565247584249852, 1.4317821063276353, 1.5811388300841893, 1.6643316977093234, 1.4212670403551892, 0.9433981132056602, 1.0295630140987], [0.5099019513592785, 0.5000000000000003, 0.22360679774997896, 0.2999999999999998, 0.4472135954999583, 0.943398113205661, 0.0, 0.40000000000000036, 0.5385164807134502, 0.4242640687119289, 0.8544003745317539, 0.20000000000000018, 0.4472135954999579, 0.49999999999999983, 1.341640786499874, 1.486606874731851, 0.943398113205661, 0.5099019513592785, 1.170469991071963, 0.6403124237432848, 0.8000000000000007, 0.5830951894845302, 0.20000000000000018, 0.5099019513592785, 0.20000000000000018, 0.5656854249492381, 0.40000000000000036, 0.6082762530298225, 0.6000000000000005, 0.22360679774997896, 0.3605551275463989, 0.8000000000000007, 0.9219544457292889, 1.20415945787923, 0.4242640687119289, 0.44721359549995815, 0.905538513813742, 0.4242640687119289, 0.44721359549995754, 0.5, 0.4123105625617664, 1.104536101718726, 0.28284271247461834, 0.4123105625617664, 0.6403124237432848, 0.4472135954999579, 0.6403124237432848, 0.19999999999999973, 0.7615773105863911, 0.4123105625617664, 2.4083189157584592, 1.811077027627484, 2.319482700948641, 1.42126704035519, 1.9924858845171278, 1.2529964086141672, 1.7029386365926404, 1.0440306508910553, 2.0615528128088303, 0.9219544457292889, 1.4560219778561037, 1.360147050873545, 1.8439088914585775, 1.5811388300841898, 1.118033988749895, 2.121320343559643, 1.0770329614269007, 1.3892443989449805, 2.0, 1.345362404707371, 1.3152946437965911, 1.6155494421403513, 1.9235384061671346, 1.6155494421403513, 1.868154169226941, 2.039607805437114, 2.280350850198276, 2.1377558326431956, 1.4866068747318508, 1.3601470508735447, 1.3453624047073711, 1.3453624047073711, 1.3892443989449805, 1.565247584249853, 0.8944271909999164, 1.4000000000000004, 2.121320343559643, 2.024845673131659, 1.0770329614269007, 1.2727922061357857, 1.2041594578792296, 1.5524174696260025, 1.4422205101855958, 1.1704699910719627, 1.22065556157337, 1.170469991071963, 1.2083045973594577, 1.6763054614240216, 1.0295630140987, 1.2529964086141672, 1.7029386365926404, 1.3892443989449805, 2.5317977802344327, 1.7720045146669352, 1.9416487838947603, 3.026549190084311, 0.9486832980505139, 2.7459060435491964, 2.2847319317591728, 2.60768096208106, 1.9104973174542803, 1.9313207915827972, 2.23606797749979, 1.42126704035519, 1.341640786499874, 1.811077027627484, 1.9416487838947603, 3.1256999216175574, 3.2015621187164247, 1.8439088914585775, 2.30867927612304, 1.1661903789690602, 3.1575306807693893, 1.8384776310850237, 2.102379604162864, 2.60768096208106, 1.7088007490635067, 1.5524174696260025, 1.8973665961010282, 2.630589287593182, 2.8635642126552714, 3.324154027718933, 1.8973665961010282, 1.8027756377319948, 1.7, 3.1256999216175574, 1.7000000000000002, 1.8248287590894665, 1.456021977856104, 2.319482700948641, 2.121320343559643, 2.319482700948641, 1.3892443989449805, 2.209072203437452, 2.102379604162864, 2.1377558326431956, 1.9235384061671346, 1.9416487838947603, 1.6000000000000005, 1.360147050873545], [0.1414213562373093, 0.41231056256176585, 0.3605551275463986, 0.5000000000000001, 0.20000000000000018, 0.6403124237432851, 0.40000000000000036, 0.0, 0.7810249675906652, 0.31622776601683766, 0.5000000000000004, 0.20000000000000018, 0.4472135954999579, 0.806225774829855, 0.9999999999999999, 1.2206555615733707, 0.6403124237432851, 0.1414213562373093, 0.806225774829855, 0.41231056256176585, 0.40000000000000036, 0.31622776601683805, 0.4472135954999583, 0.1414213562373093, 0.20000000000000018, 0.3999999999999999, 0.0, 0.22360679774997916, 0.20000000000000018, 0.3605551275463986, 0.3605551275463989, 0.40000000000000036, 0.7280109889280516, 0.9433981132056606, 0.31622776601683766, 0.19999999999999973, 0.5099019513592785, 0.31622776601683766, 0.7211102550927976, 0.09999999999999964, 0.10000000000000009, 1.2083045973594573, 0.6324555320336754, 0.10000000000000009, 0.41231056256176585, 0.4472135954999579, 0.41231056256176585, 0.44721359549995815, 0.42426406871192857, 0.10000000000000009, 2.009975124224178, 1.4142135623730954, 1.9235384061671348, 1.2083045973594573, 1.6155494421403513, 0.9219544457292889, 1.3038404810405295, 1.004987562112089, 1.6763054614240207, 0.7280109889280516, 1.4, 0.9848857801796107, 1.5620499351813306, 1.2083045973594568, 0.7810249675906652, 1.726267650163207, 0.7211102550927976, 1.0630145812734646, 1.697056274847714, 1.0816653826391966, 0.921954445729289, 1.2529964086141665, 1.5811388300841893, 1.2529964086141665, 1.4866068747318508, 1.6492422502470638, 1.8973665961010275, 1.7464249196572983, 1.118033988749895, 1.0630145812734648, 1.118033988749895, 1.118033988749895, 1.0630145812734646, 1.22065556157337, 0.5656854249492381, 1.0, 1.726267650163207, 1.70293863659264, 0.7211102550927976, 1.0295630140987, 0.9433981132056602, 1.1704699910719623, 1.1313708498984758, 1.1, 0.9219544457292883, 0.806225774829855, 0.8602325267042628, 1.3, 0.9055385138137415, 0.9219544457292889, 1.3038404810405295, 1.0630145812734646, 2.1377558326431947, 1.3928388277184118, 1.5524174696260025, 2.630589287593181, 0.9055385138137415, 2.3537204591879637, 1.9235384061671346, 2.209072203437452, 1.5132745950421556, 1.565247584249853, 1.8439088914585773, 1.140175425099138, 0.9999999999999999, 1.4142135623730954, 1.5524174696260025, 2.7294688127912363, 2.816025568065745, 1.5620499351813306, 1.9104973174542803, 0.8485281374238569, 2.7658633371878665, 1.4764823060233399, 1.7029386365926404, 2.209072203437452, 1.341640786499874, 1.1704699910719623, 1.523154621172782, 2.23606797749979, 2.4738633753705965, 2.9274562336608896, 1.523154621172782, 1.4317821063276353, 1.360147050873544, 2.7294688127912363, 1.2999999999999998, 1.4317821063276357, 1.0770329614269007, 1.9235384061671348, 1.726267650163207, 1.9235384061671348, 1.0630145812734646, 1.8110770276274832, 1.7029386365926404, 1.7464249196572983, 1.5811388300841893, 1.5524174696260025, 1.2000000000000002, 0.9848857801796107], [0.9219544457292882, 0.5099019513592785, 0.42426406871192857, 0.2828427124746186, 0.9219544457292886, 1.4142135623730951, 0.5385164807134502, 0.7810249675906652, 0.0, 0.5385164807134505, 1.28062484748657, 0.6403124237432846, 0.41231056256176557, 0.14142135623730995, 1.7804493814764852, 1.984943324127921, 1.4142135623730951, 0.9219544457292882, 1.5811388300841893, 1.1401754250991376, 1.118033988749895, 1.0630145812734646, 0.7280109889280518, 0.8062257748298542, 0.6403124237432846, 0.6082762530298217, 0.7810249675906652, 0.9999999999999999, 0.9433981132056602, 0.42426406871192857, 0.44721359549995754, 1.118033988749895, 1.4422205101855954, 1.70293863659264, 0.5385164807134505, 0.6708203932499367, 1.2529964086141665, 0.5385164807134505, 0.10000000000000009, 0.8602325267042621, 0.8485281374238569, 0.608276253029822, 0.30000000000000027, 0.8485281374238569, 1.1401754250991376, 0.41231056256176557, 1.1401754250991376, 0.3605551275463988, 1.2041594578792294, 0.7211102550927976, 2.61725046566048, 2.0223748416156684, 2.5079872407968904, 1.2529964086141665, 2.1023796041628633, 1.3038404810405295, 1.9416487838947594, 0.7071067811865476, 2.1999999999999993, 0.8246211251235319, 1.0816653826391966, 1.503329637837291, 1.7464249196572976, 1.6999999999999993, 1.1999999999999993, 2.308679276123039, 1.204159457879229, 1.4142135623730945, 1.9313207915827963, 1.264911064067351, 1.5297058540778357, 1.7029386365926393, 1.9416487838947594, 1.7029386365926393, 2.0, 2.2022715545545233, 2.4020824298928622, 2.3021728866442674, 1.5999999999999996, 1.334166406412633, 1.2083045973594568, 1.2083045973594568, 1.4142135623730945, 1.6124515496597096, 1.004987562112089, 1.6763054614240207, 2.308679276123039, 1.992485884517127, 1.204159457879229, 1.1704699910719623, 1.1401754250991376, 1.7029386365926393, 1.4317821063276348, 0.8485281374238569, 1.2165525060596432, 1.3038404810405295, 1.2999999999999998, 1.7999999999999998, 0.8062257748298542, 1.3038404810405295, 1.9416487838947594, 1.4142135623730945, 2.7018512172212583, 1.8999999999999995, 2.1023796041628633, 3.2015621187164234, 0.6403124237432848, 2.8999999999999995, 2.33452350598575, 2.8861739379323623, 2.121320343559642, 2.009975124224178, 2.4020824298928622, 1.360147050873544, 1.4035668847618195, 2.0223748416156684, 2.1023796041628633, 3.420526275297414, 3.313608305156178, 1.7464249196572976, 2.5179356624028344, 1.204159457879229, 3.3015148038438356, 1.9104973174542794, 2.33452350598575, 2.8160255680657444, 1.8027756377319946, 1.7029386365926393, 2.0024984394500787, 2.80178514522438, 3.0016662039607267, 3.6138621999185303, 2.0024984394500787, 1.9026297590440444, 1.7262676501632062, 3.3015148038438356, 1.9646882704388495, 2.009975124224178, 1.6031219541881394, 2.5079872407968904, 2.308679276123039, 2.5079872407968904, 1.4142135623730945, 2.4186773244895643, 2.33452350598575, 2.3021728866442674, 1.9416487838947594, 2.1023796041628633, 1.8681541692269403, 1.503329637837291], [0.44721359549995754, 0.10000000000000009, 0.22360679774997916, 0.3000000000000007, 0.5099019513592784, 0.9433981132056602, 0.4242640687119289, 0.31622776601683766, 0.5385164807134505, 0.0, 0.7810249675906655, 0.31622776601683794, 0.14142135623730995, 0.6082762530298225, 1.272792206135785, 1.5264337522473748, 0.9433981132056602, 0.44721359549995754, 1.0630145812734646, 0.7280109889280514, 0.58309518948453, 0.6324555320336757, 0.5830951894845304, 0.28284271247461834, 0.31622776601683794, 0.1414213562373093, 0.31622776601683766, 0.49999999999999983, 0.4242640687119283, 0.22360679774997916, 0.10000000000000053, 0.58309518948453, 1.0440306508910546, 1.2529964086141667, 0.0, 0.1414213562373093, 0.7211102550927976, 0.0, 0.5099019513592785, 0.3605551275463984, 0.41231056256176585, 0.8944271909999163, 0.5099019513592785, 0.41231056256176585, 0.7280109889280514, 0.14142135623730995, 0.7280109889280514, 0.31622776601683866, 0.7211102550927977, 0.22360679774997858, 2.1023796041628633, 1.503329637837291, 2.0, 1.0, 1.6278820596099703, 0.854400374531753, 1.4142135623730945, 0.7000000000000002, 1.7117242768623682, 0.49999999999999983, 1.104536101718726, 1.004987562112089, 1.4212670403551892, 1.2165525060596434, 0.7280109889280512, 1.7999999999999998, 0.7071067811865468, 0.9848857801796099, 1.5811388300841893, 0.9219544457292882, 1.004987562112089, 1.2369316876852976, 1.523154621172781, 1.2369316876852976, 1.5132745950421556, 1.7029386365926393, 1.9235384061671341, 1.8027756377319946, 1.1180339887498945, 0.9433981132056602, 0.9219544457292886, 0.9219544457292886, 0.9848857801796099, 1.1704699910719623, 0.5099019513592785, 1.1401754250991376, 1.7999999999999998, 1.6124515496597096, 0.7071067811865468, 0.8485281374238569, 0.7810249675906652, 1.204159457879229, 1.0295630140986995, 0.8062257748298551, 0.8062257748298542, 0.8062257748298548, 0.8246211251235319, 1.3152946437965904, 0.6324555320336757, 0.854400374531753, 1.4142135623730945, 0.9848857801796099, 2.2022715545545233, 1.4142135623730945, 1.6031219541881394, 2.7018512172212583, 0.6000000000000001, 2.4083189157584584, 1.8973665961010275, 2.3537204591879637, 1.6031219541881394, 1.5524174696260025, 1.9026297590440444, 0.9999999999999999, 0.9486832980505134, 1.503329637837291, 1.6031219541881394, 2.886173937932362, 2.8442925306655784, 1.4212670403551892, 2.0024984394500787, 0.7615773105863903, 2.8160255680657444, 1.456021977856103, 1.8110770276274832, 2.3021728866442674, 1.3341664064126333, 1.204159457879229, 1.5297058540778357, 2.3021728866442674, 2.5179356624028344, 3.0805843601498726, 1.5297058540778357, 1.4317821063276348, 1.2999999999999994, 2.80178514522438, 1.4317821063276348, 1.5, 1.1045361017187258, 2.0, 1.7999999999999998, 2.0, 0.9848857801796099, 1.9026297590440444, 1.8110770276274832, 1.8027756377319946, 1.523154621172781, 1.6031219541881394, 1.334166406412633, 1.004987562112089], [0.3605551275463996, 0.8602325267042628, 0.8602325267042628, 1.0000000000000007, 0.4123105625617664, 0.19999999999999973, 0.8544003745317539, 0.5000000000000004, 1.28062484748657, 0.7810249675906655, 0.0, 0.6708203932499376, 0.9219544457292893, 1.3038404810405302, 0.4999999999999995, 0.761577310586391, 0.19999999999999973, 0.3605551275463996, 0.31622776601683766, 0.3162277660168385, 0.30000000000000027, 0.3000000000000007, 0.8062257748298557, 0.5000000000000007, 0.6708203932499376, 0.8062257748298554, 0.5000000000000004, 0.2828427124746193, 0.36055512754639923, 0.8602325267042628, 0.8485281374238575, 0.30000000000000027, 0.44721359549995754, 0.5099019513592784, 0.7810249675906655, 0.6403124237432851, 0.22360679774997896, 0.7810249675906655, 1.2206555615733703, 0.42426406871192923, 0.4472135954999583, 1.6643316977093243, 1.118033988749895, 0.4472135954999583, 0.3162277660168385, 0.9219544457292893, 0.3162277660168385, 0.943398113205661, 0.10000000000000053, 0.5656854249492386, 1.6763054614240207, 1.118033988749895, 1.6155494421403513, 1.4035668847618203, 1.4212670403551895, 0.948683298050514, 0.9848857801796101, 1.392838827718412, 1.4422205101855954, 1.019803902718557, 1.7464249196572983, 0.8602325267042628, 1.6155494421403511, 1.0630145812734646, 0.8246211251235323, 1.4317821063276353, 0.7280109889280518, 1.0770329614269007, 1.7, 1.216552506059644, 0.7071067811865476, 1.1401754250991378, 1.4999999999999998, 1.1401754250991378, 1.28062484748657, 1.3892443989449799, 1.6643316977093237, 1.4764823060233399, 1.0, 1.140175425099138, 1.30384048104053, 1.30384048104053, 1.0770329614269007, 1.16619037896906, 0.7000000000000002, 0.6708203932499367, 1.4317821063276353, 1.6643316977093239, 0.7280109889280518, 1.2041594578792296, 1.104536101718726, 0.9899494936611661, 1.1704699910719623, 1.456021977856104, 1.0198039027185568, 0.761577310586391, 0.8544003745317533, 1.1313708498984762, 1.2369316876852985, 0.948683298050514, 0.9848857801796101, 1.0770329614269007, 1.8384776310850228, 1.2041594578792294, 1.3038404810405295, 2.3086792761230384, 1.3, 2.06155281280883, 1.7691806012954132, 1.8027756377319946, 1.2083045973594568, 1.4142135623730951, 1.5652475842498523, 1.2369316876852983, 0.9848857801796106, 1.118033988749895, 1.3038404810405295, 2.3021728866442674, 2.5495097567963922, 1.6155494421403511, 1.5811388300841898, 0.9219544457292889, 2.4698178070456938, 1.3453624047073707, 1.3601470508735443, 1.8681541692269403, 1.2041594578792296, 0.9899494936611661, 1.3453624047073711, 1.9313207915827966, 2.193171219946131, 2.5019992006393608, 1.3453624047073711, 1.2727922061357855, 1.3038404810405295, 2.4041630560342613, 0.9486832980505134, 1.1661903789690602, 0.9219544457292886, 1.6155494421403513, 1.4317821063276353, 1.6155494421403513, 1.0770329614269007, 1.48660687473185, 1.3601470508735443, 1.4764823060233399, 1.4999999999999998, 1.3038404810405295, 0.854400374531753, 0.8602325267042628], [0.31622776601683783, 0.4123105625617661, 0.22360679774997858, 0.3605551275463989, 0.2828427124746193, 0.7810249675906659, 0.20000000000000018, 0.20000000000000018, 0.6403124237432846, 0.31622776601683794, 0.6708203932499376, 0.0, 0.3999999999999999, 0.6403124237432848, 1.1661903789690602, 1.3453624047073716, 0.7810249675906659, 0.31622776601683783, 0.9848857801796107, 0.49999999999999983, 0.6000000000000005, 0.42426406871192857, 0.2828427124746193, 0.31622776601683783, 0.0, 0.4472135954999579, 0.20000000000000018, 0.4123105625617664, 0.40000000000000036, 0.22360679774997858, 0.2999999999999998, 0.6000000000000005, 0.8062257748298549, 1.0630145812734653, 0.31622776601683794, 0.28284271247461895, 0.7071067811865478, 0.31622776601683794, 0.5656854249492376, 0.2999999999999998, 0.22360679774997916, 1.140175425099138, 0.4472135954999574, 0.22360679774997916, 0.49999999999999983, 0.3999999999999999, 0.49999999999999983, 0.28284271247461895, 0.5830951894845302, 0.22360679774997916, 2.209072203437452, 1.6124515496597105, 2.121320343559643, 1.30384048104053, 1.8027756377319948, 1.081665382639197, 1.503329637837291, 1.004987562112089, 1.8681541692269403, 0.8062257748298549, 1.414213562373095, 1.170469991071963, 1.697056274847714, 1.3928388277184118, 0.9433981132056602, 1.9235384061671348, 0.8944271909999156, 1.22065556157337, 1.8439088914585775, 1.2041594578792294, 1.1180339887498953, 1.4317821063276353, 1.74928556845359, 1.4317821063276353, 1.6763054614240216, 1.8439088914585773, 2.08806130178211, 1.9416487838947603, 1.3, 1.2041594578792296, 1.2206555615733703, 1.2206555615733703, 1.22065556157337, 1.3892443989449805, 0.7211102550927982, 1.2000000000000002, 1.9235384061671348, 1.8601075237738274, 0.8944271909999156, 1.140175425099138, 1.0630145812734648, 1.360147050873544, 1.2806248474865696, 1.118033988749895, 1.0630145812734646, 0.9848857801796107, 1.0295630140987002, 1.4866068747318508, 0.9486832980505137, 1.081665382639197, 1.503329637837291, 1.22065556157337, 2.33452350598575, 1.5811388300841898, 1.7464249196572983, 2.82842712474619, 0.9055385138137416, 2.5495097567963922, 2.102379604162864, 2.4083189157584592, 1.711724276862369, 1.7464249196572985, 2.039607805437114, 1.2727922061357857, 1.1661903789690602, 1.6124515496597105, 1.7464249196572983, 2.9274562336608896, 3.0083217912982647, 1.697056274847714, 2.109502310972899, 0.9999999999999999, 2.96141857899217, 1.6552945357246849, 1.902629759044045, 2.4083189157584592, 1.523154621172782, 1.360147050873544, 1.7088007490635067, 2.433105012119288, 2.6683328128252675, 3.1256999216175574, 1.7088007490635067, 1.6155494421403513, 1.5264337522473745, 2.9274562336608896, 1.5, 1.6278820596099712, 1.2649110640673518, 2.121320343559643, 1.9235384061671348, 2.121320343559643, 1.22065556157337, 2.009975124224178, 1.902629759044045, 1.9416487838947603, 1.74928556845359, 1.7464249196572983, 1.4000000000000004, 1.170469991071963], [0.58309518948453, 0.10000000000000053, 0.22360679774997896, 0.22360679774997916, 0.632455532033676, 1.0816653826391969, 0.4472135954999579, 0.4472135954999579, 0.41231056256176557, 0.14142135623730995, 0.9219544457292893, 0.3999999999999999, 0.0, 0.5, 1.4142135623730951, 1.6643316977093243, 1.0816653826391969, 0.58309518948453, 1.2041594578792296, 0.8544003745317529, 0.7211102550927982, 0.761577310586391, 0.632455532033676, 0.4242640687119283, 0.3999999999999999, 0.20000000000000018, 0.4472135954999579, 0.6403124237432851, 0.5656854249492381, 0.22360679774997896, 0.10000000000000009, 0.7211102550927982, 1.1704699910719623, 1.3892443989449808, 0.14142135623730995, 0.2828427124746193, 0.8602325267042628, 0.14142135623730995, 0.39999999999999947, 0.49999999999999983, 0.5385164807134505, 0.761577310586391, 0.44721359549995754, 0.5385164807134505, 0.8544003745317529, 0.0, 0.8544003745317529, 0.2828427124746193, 0.8602325267042628, 0.3605551275463989, 2.209072203437452, 1.6124515496597105, 2.102379604162864, 0.9899494936611668, 1.711724276862369, 0.9219544457292891, 1.5297058540778354, 0.6082762530298221, 1.8027756377319946, 0.5000000000000001, 1.019803902718557, 1.1000000000000005, 1.4422205101855958, 1.3038404810405295, 0.8062257748298548, 1.902629759044045, 0.7999999999999998, 1.0440306508910548, 1.61245154965971, 0.9433981132056602, 1.1180339887498953, 1.3152946437965904, 1.5811388300841898, 1.3152946437965904, 1.6031219541881403, 1.7999999999999998, 2.009975124224178, 1.9000000000000004, 1.2041594578792296, 0.9848857801796107, 0.9219544457292889, 0.9219544457292889, 1.0440306508910548, 1.2369316876852983, 0.6000000000000005, 1.2649110640673518, 1.902629759044045, 1.6552945357246849, 0.7999999999999998, 0.8602325267042628, 0.806225774829855, 1.2999999999999998, 1.0770329614269007, 0.728010988928052, 0.8544003745317529, 0.9000000000000004, 0.905538513813742, 1.4035668847618203, 0.58309518948453, 0.9219544457292891, 1.5297058540778354, 1.0440306508910548, 2.3, 1.503329637837291, 1.7000000000000002, 2.8, 0.5099019513592786,